157590
157613
157570
157601
157602
157568
157608
157607
157570
157596
157613
157580
157601
157581
157608
157575
157597
157603
157572
157606
157607
157574
157594
157604
157594
157596
157579
157616
157566
157593
157610
157575
157601
157604
157582
157597
157593
157599
157584
157596
157600
157582
157590
157600
157582
157599
157617
157573
157604
157582
157609
157572
157597
157606
157574
157600
157601
157581
157592
157617
157580
157597
157580
157612
157572
157602
157598
157577
157603
157604
157574
157598
157613
157583
157589
157592
157609
157574
157595
157604
157570
157606
157608
157570
157596
157610
157587
157597
157580
157614
157569
157596
157605
157574
157607
157604
157574
157595
